230500400006074900000600025000010060002006040000000309040020050107000004590000002
017060030900003007600008400000040350100607004034090000006200003300100005090080740
600700000009300050050018700000009400107000500000400082000030060800000900370060004
000900702010057000000260005605030070039705460020090501500042000000170050704009000
700000009800302007050907020006524300005000400003896700090105080600208001500000003
020905070800070004004806100902000408040000030607000502003708600500030009070509020
406000102527040839000000000002901300060000020004802700000000000645070218301000405
300000001001702300090601040012000970000020000039000460070503090003804500500000004
010070050805093001060001000000020970270906045053040000000500080500780102020060090
092300070000700002500140000924000500000000004653000800700460000000800001035200090
010502070500971004007308900635000849020000030971000256003209500700483002090706080
500807004900050007000000000704090802000502000000703000093000680400000001007138400
800004390001080004903007008070005809000010020198000000000500960000601000600400103
071200009300900600090051470000020000060804020000090000059710040006009008800002910
020700004480300500006008920540020600000605000002010045034100200007004039100009070
700000003064000950030401020021609870000000000073508210090104080047000630500000004
490000021000902000027000960300605004050000090800103002012000840000407000740000036
003050400005100800190002056002705060900000003040203500320500078004006300006070200
004300000730096010000108000050000640060000030007000508000900007600025090320000060
013005060600090000500000302000050000050207180400080090004030070800061900007000008
000000680009601003060003004090060250000209000028050030100800020200705900053000000
705401000008000070200008003002003097000196000530800600100300008020000300000904706
000052490050001003000030008000060019209304806810090000300020000700900060062580000
070000050305000109020307080007592600000106000006478300080903060602000907040000010
000025100008300600610089020506000090901000506030000408070830065004002800002150000
040006029200900106000400050024080001000503000500040730080005000401009005960700080
039010000402000100000400050601870000027004008000003900008035041000080005700001090
000001950000073108000500076002010065010605040650040800940007000706930000081200000
670804019009702500000010000056203190000000000098107250000020000007901400160405028
000008050600902300014007600158403020000000000030709516003200860006105003020800000
000056000090000370006000010048000003100400007970020000080001200005908060000240000
002703400043026100790000000100002943020000000930405600360208000000500007000300016
040061000001200004952003000000006080075408320080300000000900576500002400000730090
000800030006300504034006070250060300000205000001080065080700190105008700040002000
951020000040019020000004000006085240003002075000000000004053002700000084290000003
004310020700000000003006805002607001600000002100805600908500100000000007070061400
240036001009000006006002340901060000700209003000050402093500100400000500500310029
002709100000000000504000600700600003000080705900000062209030040000001300000864001
000001902300800000260000040070090001800307005010050004520000070400100000000002406
060507020309802706052306810286000945000000000931000278028403690107908502090105080
036704290200010007400205008602000904080000060305000702800907001900050006064301870
002000800080457020500108003025603780000000000031502940200309004050784010004000600
040000090015000860008010700050408010004000300600000009000704000470609053030020070
054000003000000500310700040040031090073906820090840030020003018001000000500000270
500109002002000400010408060807000206000030000209000105060902040001000600700306001
047006000000020008009003701403618000010409030000372104508200300100030000000700620
000091580400007001980300002006015024002003007000000800670034000003000700504000630
570030026800502007000906000051683790200105004063427510000308000600209001190060053
000802000700000004100904002801040706000000000940000021050601070008000600400753009
120049003000100007000206000402090160600801004091060208000608000300002000800430092
100307005030000090400090003310000059020605070760000034500070008040000020200903006
000005000090138000600240000500800012074000580000006490003070000050080070000009600
075908000809200000000000009030040000900632005000050080400000000000006701000703640
003090004500800602082000000000900300009736100006002000000000780708004003900070500
100705690006000010050002000700040160000500020409000075600200000230981000000007001
803120005001060000009004816008000007150000028900000300386200500000050200200073104
402350700070000050900102003000400300705000009000009206020040007004000030000090804
009006010670310080000409006806000230030000040052000608900605000060023097020800500
000290306030008000001000905600002000100000450020300009305020608000050000204003501
000043002807096000100000003304000090005309100080000305200000007000910608600450000
002000603100000070008074000050480200900001004060930700005049000300000090009000306
010000982570003004006100007004070090000359000090080600700008500600700049958000030
107000653300000000408006102001264000000907000000358700704600501000000009569000308
006905070000000523080000010070000002903800000800790004300050009000004600401680000
300400260007050009080000004700290000040703010000061007100000040900020300023008005
006500000070000890090802004009080207000725000705030600900108030013000080000007100
000090800100207500300500162003000010540000007902000350400702000050040000006830740
000000300040001760367504800058413200000205000006789510004107958091300070005000000
020100000000002590830006070000015008000020301000083007510007060000008410060900000
430501029020607040000000000700128003100000004300954002000000000040306080980402015
000003020205000000007092460908601000004000800000304906053870600000000703080100000
800071600002000058700000030001750040260040007004810060400000010008000073100098400
000020000305000206102000805970205031000409000630708029703000908409000102000040000
098000530070002800405000009600100003000903000900004002500000708004700010026000390
800070006007000800609000204905348701000501000308267509103000608002000100500080007
900000800060080710000605034004050300010304080003020100320706000078030090006000003
030901020900020004002804900403000809060000040207000105009406500700080002010502070
370020041080000030100608002910405068000000000730106029400207003020000010860010057
539000684000509000000000000300070006180040053050000090005702300060000020007080900
000008100070100400000703095029040308000307000703020650230806000006004020001200000
016000450000507000090126080021000730400000009000908000005000900040030060003060800
600000005009865100050209080065000910040070020012000340090408050004692800800000009
008903700000204000409107305231000567000000000654000938706405103000302000002608400
300000001090000050001000700006501900020309080009806300980000075007605800000207000
030000000180000904005908001500001700000040002200006800008207006360000508020000000
083105620020703090700000004600302009070000040900407006200000008030604050067209410
457000000300050009600020001000003040013009000000670200000006050000700100049000006
004000080000047102300800740002490070050206010040078900097002004405780000010000300
000000009000010030000003765000009384060050000003100020008200010034701600605800000
120500609000600082000300004000006900040109060005700000200005000630007000409008076
900001078507036002100000300000702094090300080000095000050000030008010000400000761
000000000580000017007403200930701058000000000470608029004309800310000096000000000
705000320080340000000001000901020700004000000306050100000005000040680000503000410
300010009008090300010302070002040800860907045005060900080409050006050700500030002
870000090002906001900003700200000970000420000049050020000600050090100002600008109
709000402840000036000000000070803040000070000480605029100000004060307090900050008
001020930200000700430017005003201000607000801000804600300690072004000009092040100
040950007260007000000300000000070010000205008490030605000000000600700024320100060
300000004090000010004673900007801400002040500001907800003715200020000030400000005
070090060400157002009408500054000630260000015097000240005906100600543009030070050




