100900200000000900600003078470300800006000000002001009000560000500004000030007405
400000600093600070060001004020030060000810300007000092500060000080205000009007006
007500200003400056000002000140030020000080000050060041000700000730006500002009600
006290501030000008007608000000009800075000004000004100003502000050000003002380905
500046007000000060407200000205071000000500001804039000908100000000000030100094005
300500400008402000090300705672000040000000000080000317907003050000708600001005004
007006000209050306300000470000020050070640091000070040400000160901060705002001000
082000530300080004700304008004601300010000080005809400600408003500090007028000940
005000000306004070070180500900001205000802000802600004009026050020700609000000400
500000002008060900060201050002857400050304020007126800090603070003070500200000003
001206300200000006030908040090803050000409000000050000029000680300000001608000504
000090000006204100081507290028000470700000002064000930052901640009805300000040000
006400000050000020003089506001804007009060800700905100402590600010000030000003900
006003102080005000200190000001030800008604030430070000700300418000060700800000900
009000040080250006053180700002090000000001390000800270007005602020000410300000000
000007000803910007400000960900070800080503090004090001052000009100035406000200000
007080100010000080280070045600807002070456090000000000050030020000000000004169800
090007500030500000100004007007020405200035000005800030000902000040000089800050600
010204060000109000000050000050020070000406000900503001003000600640701083082030190
007000093030700806800064170070020300008403700001070060045630008703005040280000500
600800200000100045090000630000002050002701400070600000065000090140007000008006002
000591000060302080300000001740050036620000018000609000008010300400000007030060040
010900820090002001800074003700000980080060500200000007003000000000020019900403700
750020006009500830306090000020005003000680000060001004105060000002700160680010002
002000004000047001400913020004081050035600000078300010000000900007409000380000002
600001050000000003870460000706000809002500000103000502360910000000000006400006020
006900080082003005470000000300890070000104000010037006000000014500600320040008600
900000807001000400870206050009010200000408000006090700040607082008000600607000004
050002001080061040006000500098020054040008020700600000000004700000076095200300000
030000010090000020081000340020504060000697000000080000900040002004803600006070500
095000702400560000300002005010095300060308050003610080500800009000036008108000630
010000070400200095600700400004182000003007000007004160040879000001000009000000340
030000006600004007000010980060708300008030095020409600000040150200003009010000004
090040000300001800000052000000090204802300007057000600080507010000000300000410009
000700002500061300090300050000010704600904001408030000040005060006490008200006000
410000090092800004000500000001980000000075000050203180008009070040300012600000009
009000300158000296004060700010000070003040100090801040000602000000070000080904030
081000560200000008000706000090371040000902000020864090000403000500000004074000310
076009005005040018040000700000076320001000800024380000007000090950060400400700580
302010007060000100100900008009100003800000570000000020080060000000045002207300065
750040100000000070020039006504000900080010604000000000010002000006080305300001009
000205010000001000000364807805020004004700051173000008007000000200030000001457003
700008030000200008620090000309000007017050800060000050040025000003760900000009305
001000002000230050300047900010000520096000008005000006008700005040300000100054800
030010900960200000000006075070500004300000060006000507500001090003050640002409003
000760003097020400400800000200090000041608270000070004000005006003040520100036000
004000200090000040600354001900106003000080000080902070040708030700000008008269700
000003005805702000009000270004020050100904002080030700036000900000307608200400000
053892740002000600070000030000936000000000000000107000040000010300020009809070402
009000500072105890100000007500437001007502400300010002083000170000000000000329000
000060710020009000800030026030100000001204600000008050390020004000500070047080000
501000908700608004080000060003104700000573000040000090900405001600000009010020030
000060230900800061700020009002018000000004302670000010008001000400200000030700480
004200300650900048100000000900060000020509060000080001000000004810006075005003600
002000180000003002907020003000038040006402300030970000500010607200300000074000200
006030280000900601300000079100000000060090008279000050030600005002150000800302100
600002810070000003008630002065000004020400300000050900000008600400017030590000008
500000003097040850010000070070102090600000008080050030700409006002030500000508000
200000080100007005056004000001080520407501000000020000000052800800000600090070053
100030084000004050004000230010000409080907010309000020096000800020600000740010002
000009004040600800000000521090080000000900065500004003083000002005090000902038100
006903000050070030700000800010300004502040070604008001000130009000009060100260500
000090000031000000485307000700061200090038004000000600002000190000020860800009700
004031008008600090930000000060020001400509006800040020000000062010002400300460100
070090850605000900042801000009003000400006000006240700390005160700000380000000000
060004100400060080009010070000600000096001803800050001500040290074000500000037004
960401053300060001000307000806000305030000040509000807000602000200040006610908072
000009070090027008001060000050000780800045023010000940008010000040083002000004090
402000000650007804000006290090600500001002008070300400000009640160005309905000000
040900870000700001000840005320000000087000300500000687010030000003056004000207000
075901000310004000900060000200040051001208600460010003000080004000300085000406170
080094000054607000000050000030005029190000604006000030000500080800076015270010000
407000000020007109030650000600500080000000002900400030050190000090008205804000000
000000000072000950080109070010000090000596000007401800120000037006302400000040000
200734000100080000040002806009000007030120050004000002090008501300070000400695000
000000000032000950980010027000504000000000000509768304000070000008209400470080095
908004702006010000120095008000049000031207000209360000300000006000000080805000301
200010509500009020004050008002000090031000807040000000050061200007230000100000085
050000080001040300620708049800502007000000000900401008390204075005030900040000060
003000096050040203749000050090005000086000030400300000000050804000026710500700300
400003700000060040020080000009100008000600107006700005040090000000020010800004300
600002500000100400000070000030950001007401005100030690790003040000009800000680002
060104000208600003070008400690000070000000001705000906002006030000200800080091004
020000000000964100604001008000407085080050007000803061502006009000792300070000000
000200000031500200470008030040000300603000000005000019900170050000003920007020100
050009000000000040108065300020000807800500600000830000400000200210006003593010400
030500091000090060000203400008000000070064005004000000000805100000020070060300048
000030002400500300029010000090002507040000000010003406037080000500700200000040005
000100400004000028020006003357810000100000005469370000070009001001000057000700900
005080000000005804609010070000100360304006000060020009010700580006800740070002000
000000006000003200350080090060035040400008300005900000040100000002009800000060500
803402609600809007004000100036000780002706300100000004000000000000107000050268010
074006100200073000900000087000300000060007002130060400600004000009000060008050009
010640200605000001040005000200070300300960080008000004100500067000010800080003100
010400250090000004400007306003040600968002000054000002030924000006570023000030400
009000000000000300370190240700030000032801700010020400000040001800970600040005900
008156400000030000040000020206705804100040005405203907010000080000020000007581600
000090800050403000802000304000000090608000002047000030004260700000100060100030400
016980000300000200009000130090050000000807004030260001100000902060304005005000070
295007000000000700000015080000060309020008600040700000050000004409350006310000007
