000000051070040006120000000800009600000076045300002100580000000030020004000000039
000008904006000800010060020000007401003000080400500000230400009005070000100900508
000000000050760480000020907080000000096000030000007609018002760070010300004003002
004050800000204000605000201000827000050030010200000004100000003500040009060391050
047200000600973000500000071750001020010040000090300400000006000005800007008000043
700906005000302000300000006157000869406000501000000000001000600080705040070040080
030020060900580200000370190065000009849002000000060400094001000207000006000600040
000076000000204970000090008080000062507008000120050004030000020040900300001805000
007090000050067003400020100000050002923700000080000006004000080000000605060102070
239000687008000200100000003010503070000108000070604050700000006001000800326000741
000005060002009001045100700000900180750000000000300620079400800008003006000008040
900030800800090230010000095700028000000006042040300000060000000004700900100009053
000007080004380065030000701080009000020000500100508200002076000740000000098000003
000406000003000200000107000008602300062000910000090000480000053010708090009000100
200000400003060009070500100008007002060000801000900005702050000000000010080312006
010000000400002063009867004000630080000000031000740090004316005300004012070000000
050700000010000034000849000005000106003000200109000700000923000630000020000007080
510000000000069000097000063009201800000004001008906400035000027000052000970000000
046102850001408600020000040309000205008050400000000000900040008002000900034609520
050010260000600008007000190000004030006925700020300000078000600300002000012030050
600000000001000480940100050700000000036900000004050100580760010007020500009008206
007009000280006905009500040000300600096002004000900300005700060970004503008001000
500100600207060003000007280040000500002901700008000020073600000600070801001009006
050908060390000072100000009037050940004000300001307500003506700000000000000831000
600009140000010602000050070000900307006304200305008000040090000507040000091600004
020800400400200090003046050340007601007000200005600000900450000081000060000100008
010007005000160000090008000001000508634000020000300060000019000100020609850040000
065800000209005006170060000500090760007508000010040085000200300000401000020007004
000900040000075080207000005100002900700104008009500002500000701070460000090003000
000000200000690005000302010084207900030000024006900070600700009001089060090060102
130000072029307640000000000003608900000000000008402300000000000016509230970000065
070600050300001002002049600023000005005000100800000740001280500200400008040005070
701504203000107000002000400000908000090603080000000000200080004006000700050090060
017504020300070001000000750701000605200000087408000209000000960100080002046702010
000007001040910003070458200509000000000105000000000805007594010900081050600700000
030010570002570043000680001000000000000000435058000190060400050105800004280000000
000150070000603004000000106000007680092801540061500000905000000400706000020095000
005780400000029600004000002500600001000002900700900008009000006000045700008390100
700432800000906004060000001098000000000000945024000000080000002000109008200785600
003100020007050060940002005600010700010700040002000500000201000150070030004000009
060002800100500029000070006080301500006000010500600000700200005090030080013000902
080000050900000002105706403000108000050070010000905000006000500700403001510020089
003000900104000206050000070009205800800706002072804590000000000030000050007409600
200085000060000000005920700000050004080004301304000800900400600000070050402500007
001908305300000000050000960804060200000805400503070100060000590100000000005607804
000300600809060000002009508000002100054000070103000005030240890008030000400700050
704100000000080060020000050940050008007906045250030006070000080000060030402500000
580103076004506300006000100050090040400805007900000001001908400000234000000000000
301762000000039020600000003100070005270450000480001000000000800060000074002500096
000008410000000537010020000501800000080090006904600000030070000000000175000005960
010020040603008900080050006000071060106200000020400000050000002800300010009000600
008400602000060700503000084300610000080309060000024003630000207001040000704006800
007001006090600200600020090040010002006472100700050030070040005003007040100500300
030806010000000000902050604700409001400060009200708006601090807000000000090204060
000501000000308000050974010203000607004000900700000003060000020000795000800246005
806302107000000000070080040120060073000804000000201000000000000207000506508716204
000500409000087060000102003603000800010020900057000000100830690040000200805000004
063000001800430020500009007050001000090000060002700015000000000040093002209008074
000951000070000001000000903600040020100800074200000108009003060000790800051082000
300204001600000007000678000090000020080927010004080300070806050000050000800030002
050090000700004000064028000000060910009002406500000000000050600030000208000100090
900820000000050804004000006400032080190500600000400300020083060000600200089000007
005000100600405008020000060002601300010000070006203800070000090300704002004000500
507000200809600000000005040630701000000206000000904025070500000000002307006000102
000607020800052001090003700009000862100000040020000009900008000300700200062040010
000000720006005001320008050010250000060007503070890000930004070007002008000000940
030105040000000000070000020040706090500203006020000010400030009052000480800020007
000003000000200075005060401070800000004000053800000610007006040040027500038040002
360090000090006010001000004000031008050200600000047009002000007070002090830010000
037002960500000004900008003010400807000000000080205000001000009050703002400000710
800003000000040000009070481080100064900000307020300018001080275000030000700006000
000120600600730090002000003400200000003060081000009072004070500500000000080003060
060000070200500608090046000003060020002108700010070900000620030108009006020000050
004000000900015700050000010682000030010500080000280000500004002000069800406002090
200000007008000500000317000030104050050000040002090700060000030080020010005080600
070010000108600000200080017002060309009000700807050600750040006000008504000020070
300000180000605000002910600025006700006040001010700000804500000600000090000090004
007000900200000001951000436700609003000705000500103002673000259100000007009000300
703000500080000000000723001090015060000200058030078010000139002010000000602000100
800030100000000040007054009000000006305000970006000301700093504060040000009208700
600000208000290300000004091900030600004106020010040070009060000040500000800007005
006008020000000074708400003004103008000000002100504000000000000290000086031250047
090050000005098006000106050084000500610000049009000280070804000400720800000010030
300800000008010204000400078005080090000705000060020400230006000604030500000004009
560000000000200040243076050006400300100800002008300900315042090000700030670000000
710000080006000400000761000804095030200000004090240508000923000007000100080000023
005000300000601000700308001007040600600107008503000407000090000900702005302060109
000000020003090000060100805001050000020601004000040250007009080500008409008060070
200108700000060100000040063500080006076302410300070002640030000008020000002605009
000901000070000020803000049090004100100375008008100030620000507080000010000209000
006400008080000050900002007600001030000005004001620070000000000050709000108030009
000075000070008203430020008000000901009107400604000000100090072702800030000740000
000910005000430801007800060793000200640070900000000010060340000004002000870000000
290000076000607000007030500000508000005000200080302060450090018000213000006000900
007008435400060100000000090040680000028000001090350000000000060900030200002007984
076054000000096000500000100450000038000500091008020000001600007000009005600003900
260070054008000700000000000000000000024907860007504100090000030082000640670020019
400005000709600080160083000900000040000569000010000007000390074040006305000100008
073040000064008090000200000400500060021070003000003500000050082000080071600001000
900600000021038600030000050200001090040000010010200003070000060002590170000002008