300000640009001003562004007000705160000000000120009000900000370000100800007800201
600010405000300090000007302030080600400203001009060040301700000080001000907020004
050700000800006530016305800000050006040100003000020009038501700700008910090200000
010900507000000200600030089000100000703400100000065003006020000980000001270010600
001000600004316800009000200000709000060000020080502070072000390000103000300020008
007000600016400020530001400080070340000360200003000005305980000060100000000006009
060105200904000060030000700600027930000308000200610000406500007090800006000000859
082040060300000000106007080000030400800906003003050009000300006908000000000028700
000850009000300000159000700400003000000260001802040073600700800000000300307405600
010000008830004000006810300072000000050207090000000670001073500000400083500000040
100973000030020500208000090460030007000007042500000009000000400000005020800402906
090000507000901080000000006000000030602800000037020040180560000006700008905010000
096000043300600000054070000061400008000529000500006390000050170000001006170000230
708001000010900600002000070004000008300400000009010050230807504005000030001060002
000690040000054100000000059900500003340009026060040000010000000809070000005260008
093100050240009010600000003900004005000090300060300100000087506470000000002600709
200009007007450000000721030604000710052000680013000205020145000000098300400300002
009200400000040300860001009003602005090030010700904800600400093008090000002003100
000500120000000004000020008006073000370009400040600009091004000005210000200030000
800050001000902000035080970070205040300000006091000750000000000000861000503020608
003280060008007043420000000300050090200308001010070008000000017130700500050021400
000000100800270900019005060087060003000000507045020006028007040900810700000000600
070060290000000086006012000709008000030401020000600803000250400590000000062040030
020010400180000050003000806000390000600207004000051000208000600070000095001040020
500200003008000000060004270100040050000300901009000040001060005006405029400030780
009821060050000000804005000500008032100000008402600100000003000700900053000280040
001704800704020000300000000040670100100403009007012080000000006000030508002501700
009082006000601000600070052040003070902006000830120009000000003008900000503004607
000400208002006090040500007106730080000908000090015702900001020080300600503009000
940010500603000040002000007008000000100490003050070000000001720700800004090040016
002000510050070020900000008006034000510709034000810700200000001080050040041000600
001000500500009600000028000703900840020306050059001203000830000002100007006000300
056708390800030006000695000000000000300906007049173860000060000008000100010050030
200090001910000023008000700020705080000906000300408007007803100000000000800050006
050000900007000050126070000000400009000802705000700001843090000002000060070000800
700460000000030065000005400900000004140059000002040708009008010070000200010506000
000003090150400060002601400204000830000000000018000206006504900070006024030900000
000080400004000000050120008005200060102000309000003057600070000000402001001038092
000700000008236400000048050007000840403500920000070036500017080080000000904020000
800004000000020390005900700010008405000090081020001609004500900000060810900007000
090001000300500080000802003028000630000000057406000100000604000070380000005020006
840307000709000000051020000200040009005201600100050007000030160000000702000705083
900000005002000700500782004096000350000803000008060100800010002050000010204090806
000005090300004000050000128760050040400008000930070080010000579800009000000002060
037000910280070065000040000053000620100060008000000000070608090000050000029104870
030407100007300006140000080063070050000000400079020060680000090005900008090508600
008560030310004050600000009090005000000493000000600040400000007070300086060081500
000050001000704006000060750010590000204600900090000030008070002003006000420000503
040190870600000000080004302000309000001700034000402000020001507900000000030620980
050000010600902004008107300024509630000000000089603140005706400400805003030000070
000300002020090805001750000102003080056070000000200061090000050000507400410009003
000402070090087000000019400500800300071000040382000600003905000200040001000000054
060000000000840300001009050030002900002400010704090030900280100600005003025900000
090000020206000407001040600300000008007638900000709000003804500800000009004020300
400000970000910300000700604012040003030500040000003000725000000300050009006200050
600008040070060001041900000700400009000020060005806100500700300030000910007002005
070500000600090000000036500300000800091002004006040100003704020000000930000050000
000003000007010000050409630009100300020000540708000906004361000002040000000007009
063000108000005030001080070306090800000004003804020700007050040000002010049000205
403000097500090000000701003005902700020010030009608100600105000000040006950000801
010007000507080106080015070000600005074001900603040000090030027005000600060100304
087000960000509000910000085700000006009020300000803000600000009090040020042090650
083900000700001000500086000200840009008700104094000080000050210000007900000210006
010000640900600007002040001050430000001906800000015060400050100700009008036000090
720069003600010020003000000000090002840502096100070000000000600010080004200350018
060304002305060700080009000900020000020700080608000004050000003000010005100003420
007960000030000680000000702809042000000000007106075000000000903060000540004710000
090108050800030006000406000209605407070000060306204509000901000900040008060802040
000908000000000000340605098780000043000306000200407005001859300003000800850030064
000800072009002000073000000300057001000200730080600009000090000600020093900503026
006024500001009000000600003600000037308200006000090200050060091207000000010053000
020096104000500008001030000590080040000000005130040020009050000000200003050013807
000002059040703000000090020090000310003009075580010000000200000907630080600070002
049003010100006800800900306003050000000302000980060000074000060300000709006000081
000503000600204003030070040006000100574000928000407000000609000001020700900040006
300000006090000200002700340238009000010680000600010800000001900000074060800903005
050003006913000720060000130000090003000675000400030000097000060042000359300200010
000602900600040051009300070030000005000516000900000060090005100820090004007408000
190308076030000010002070500080407020000000000070205090003010700010000080920803051
020690010900008000000301060807010200600900500039000000000580390304000600000000001
000300060000046005050078400001850790000009310600003008800007000030000800704200000
000000003000063100016940000450000700603297401002000036000034520004620000700000000
061007000073000500200600007000090038002000700180030000600005003009000120000800950
609000008007806500010000076050207060000080000090503020570000030002904100900000602
095360000406000000130090000600730000307106902000042007000010085000000103000074290
607040000000106000010009000001000650940000007050400090004008009030650800700090002
001450000090810300000000060020080000500007096009000038002500004700004050080090000
000527000006000000802000034500004360000900005200008490908000021004000000000381000
006000010500007002040508037060080000001000008090050000050302089200004006004000070
002930008090000000004726100000070800000503406000010309503000901400000050079000000
008052061060000000000040305010089420000000009020065710000010802080000000001023054
709008004000300001000070900094800500007051403053200100000010600000700008201006005
600000001050090042000072008000005000028010407007400000000080050090000100265040009
600009080030007009004100000007050042000201000860030700000002600900800020020700004
050004103700100080000000600027010000400902008089070000000000700300500060070003405
005000200000301000000060000017405860000706000500000003060000020980070014704010609
000509000300070006002000800501706904030010080406908705009000400200050007000107000
000800000003070150070003009600100028050000390002000000060010030040920700001400002
000500008000102947000080010920000034006010200030000000050070000042900000390400000
037000120100070000000102000703006050690508013050300609000709000000080002079000840

