300005100000064308900000000005030002003408500600050400000000001506140000009200003
003000001800050300250000040000280000400003060100906000600000007340000800518490230
504308102000000000800604009408070203000902000206040508100405007000000000703209805
060902300800400070000000406120030007000704000300020065506000000040007003002105080
061003820200000016700000009000930008000604000900027000800000007350000002072400930
900306000001007200008200040003000017570000000000000902010002680602090000030060009
023000190040000020007204300000080000060319070700000003000070000370408016200906008
000308000030594060070000030004802600100609004020000050008000200006000900500010006
000094006090700000600500000208010009004003005050000240500041000040600020703002500
000000090610000408430010070200071000000245600000390000503000000040000260902004730
930004008600080900020000060400600000006249500000008002010000030007090005800100097
070000030080100004106950000000260000000009700400008390300000200700000065028400900
009007040004005080000000701020080960008506100046030070501000000030600800060900200
000001003090450000000000920020003054060000000700200010005000096009805700400900508
400200000000030008050800630800040095040508070560090001074009010100050000000007004
000674000070801040005000700080406010032000470040705020003000200050207030000583000
640000081000802000098000650004306700080401020000020000070000090000503000100070003
006000700000208000018000340020703080000000000904000103003000800040090050500846001
008000300006140290000032064080020700000015840700400020010000079005001000300600000
000000300014980050700026040003060090092105670070090100060810003020049510001000000
010002900000600000205000083500090008009070100400060002840000705000003000003800020
000600150001000302090005048900020700000401000003070004180200060409000200035007000
004020001095600000120007000080070100500809002002040090000700015000001360400050900
040500180068000007700480003000058000070001500000200709320000090005020071107000200
500200007000001053710040000008400000370108024000006500000080075860300000200007008
000070000070002630096503400014000200500000008009000140008106920027900060000020000
080004001509710000100009030001902800000000023002507600400005080908470000030001006
042000000800750000000409080001007000560208097000100400020904000000031005000000370
072000405000800000009047100350400200204305801008006043005980600000004000907000380
007800090000600400190000320900040010000000004500090060830000640000400700001500080
402000508500401007060000040720906081000000000940000053230000094000809000008030700
500640003008000000040000079200800930300004005000012040000200000005108002802030057
009028700000000020200059306607000003000701000100000802803610004050000000006530200
000800700000920600080000342109000000007600030800030057000054000300000900240301000
008100900000040280040000063003670000009003010060008009500061007300500100691000000
209001030010300009300085000020000903000250800807010050000500006500002090760100405
005700000600009305008000020700290050056030007400150030002000070900002804004900000
009300060080090405100007090600020800020406030003010006030100009706030050010009200
300000009000091603000400080005800000080009007070040300040007560007000900960010002
004000100570901048901000507260000054005000800090204070030020060000417000000000000
706000009000705000800009001070000025000007000013050004000000102000300040209601307
600081000040000078000405002006009084500000060304800200000008000060270000091600000
070040060408100050010300009081000640700030501000000090000920000950603000007010000
090080051205040006010300000000200000300406005000008000000004070600010504120070090
040000060007105400200060007170204093000000000450709086700050004004802300090000070
002070900000010000080309010600502003051000720200107004070408030000030000005020800
000640000070003050006805900067408103400000005203501870008304500050200010000057000
000009065000008703000470080003020041002105800180030900040081000708300000350900000
830040000502000010000008000010420300070003002600005000060000090009067001000300078
008002030001060008900000000000023001003601080040080000000010096200700000490000200
900002040046803005020040090060900000009007500530060010000020900301005000070000004
004105200020000030500060004072000190008607400050000070045736910001904600000020000
010050020900030006006701500001409300390000041004307200002805600600020008080070030
070000902200800010300200078107009000920107035000500701790008004080001009603000080
001800000080000070000590061500029700910000006700015300000430052060000030004100000
980070045000000008502000900038059000000402000000180650006000502100000000840020061
004050093003000658000100000800007062305009007700003019000800000002000875007060031
004600038010958700800010000400000280003000007100000450500090000040861300001500049
007900605000003040500020100080000002004201800200000060003050001020600000805002700
390500400007400000040070008023000000709200600080030025008013040000804302400050007
900060020003800004510904000000500206000648000106009000000402031400005800080090005
000080200003200700042000006800076000010802050000410009500000120006008300008020000
500000000009210507162000000000840009200650003000730004958000000004980205300000000
000006020001000705370100000005960800000030007007820400910600000004000203000004080
037010000800000090100600000008057000900206001000930200000004003050000007000020540
500080003486030500000500060600100000200040037008003200000400020800000070320065019
000000007301000500080906021920000070000052900410000050050604018809000700000000009
000200500600015000018400000081500070007106900060008210000004850000890004004003000
040009000075100082000600500004003260200000007001008390000800400019400038080001000
210309400008740009000000000030900604000030008080200107000000000005470002970106800
020090030007000200300402001001605300053781920000000000800000003700904005006070100
005000400700400080006980005094700000002000100300002960007069201000007000200500030
230000090005300040471600200000007060000895000050200000002003654090004700040000089
004000200000408000809000407201507603000641000007209100005000300602000704000124000
000068500801000000000900008030050002060309001900040600000000070650094000290100050
201000005090400100600100890800000000012070000763000510000210009000840030000307204
107020006200006030050000100003602005060070008002508001020000700400009010601050003
040010030010204080200080005800607004000000000009000500302401608000000000007325100
600402009005306800390801046000000000200040005508000703000000000709000308050607020
000203000007650800060018040301000078026000510870000204010320080003049100000801000
007000005900600000204000800006290000810003000040006020000005708000760000100040250
395004080102000005760005000000510309000602000506043000000400056400000701050700423
100500096000000004640083005080050400070264050004030070800320041200000000410006003
009100400000003008050400700040007203006201800201300060004006020700900000008002300
000000070900005403000023890060070530803009100100000000007080000410002000090510080
002800650800500000500092001003000065006070400450000300200740006000003008098001700
006709000040005010005001907154000006000080000600000295701900800080600020000108500
080000020301040605500010007076000430000694000000000000003507200700000003002080900
300000006000850070027009000090500801800006003050300609036002000000460030100000002
008964700060030080300200000603000900820000004500000067100800090050003470000095001
000090000400000001005206700840907063900030007050000020580020096030000010000804000
090008010600005002000270000009080054004702100530090800000067000400300009010500080
001900008060008000280000067610050080000001000890060070370000025040007000006800001
605000190890620000000509000170000600008000400006000013000205000000068034084000702
010050600300061000006004001000409810005000072030002000200040500000700004904000080
500980700003000000907000804010830000009002001070004003006070210000609000000000307
630070050900003008000800300005080010300401007010030600004008000500600002020090081
058030009000072000103000060700300080001000300400700010304000020000069000025040001
071080300000230005600007009007000030460000078050000200700900003900053000005020940
209150800300004000061700050005000000000471000000000400090008640000300009006049102
